0,4,79.8888888889,0,2.0,8813.34523571,1.0,2161.4034492,0,0
5.6,1,78.5,323376,1.0,6493.78333333,1.0,1171.30169548,9704,80.6730555556
6.6,0,80.0,0,0.0,3299.0,1.0,157.40126817,32433,16.2
0,0,0,0,0.0,1011.0,0.0,1.64489961451,0,0
0,1,61.75,0,0.625,16425.1296222,0.0,44.7054743193,0,0
6.0,33,76.0,5059699,3.8,15237.8143,1.0,2036.03400492,23044,114.596190476
0,27,70.8,0,2.0,31762.5039917,1.0,517.58330818,0,0
0,2,57.5,0,0.2,9192.83335,1.0,431.892940141,0,0
5.2,17,73.3,4883163,1.75,21590.342175,0.999999999999,69.4572894248,25734,77.1211111111
6.5,38,62.2142857143,12371376,4.6,86393.1168722,1.0,1230.62693341,21297,71.8946031746
0,2,74.0,0,0.285714285714,4148.401775,1.0,-24.3893957936,0,0
0,3,68.0,0,0.375,19685.55,0.0,696.8206056,0,0
0,6,75.0,0,0.6,11540.2605889,0.0,454.701185235,0,0
5.5,15,72.5833333333,1594233,2.09090909091,20306.8165571,1.0,778.176129592,30739,71.0266666667
7.2,11,71.5555555556,10470961,2.8,16400.80712,1.0,2684.68307021,51037,58.5663888889
5.9,0,0,5073,2.875,6759.71768571,1.0,1379.39656451,86242,81.8475
5.5,17,74.2222222222,7124715,2.0,31208.8210778,0.999999999999,2779.47043365,125525,48.9488888889
6.0,82,67.8888888889,2784550,3.375,82354.4438417,1.0,2535.27724143,43931,60.3417857143
5.3,0,61.8571428571,10490023,0.75,32301.9238143,1.0,338.909458005,161817,44.9045634921
5.1,32,79.0909090909,4922990,2.0,9375.16436364,1.0,920.844205348,21407,71.4378968254
6.1,1,73.8571428571,2658682,1.8,5944.96666364,0.999999999999,1151.93804962,28204,68.569484127
6.0,20,83.1666666667,3675437,1.6,6004.96347857,1.0,468.410945608,35596,44.3994047619
0,3,71.8333333333,0,2.2,7806.84827778,0.0,-465.749928468,0,0
6.9,0,70.5,41960,0.125,2798.2037,1.0,471.796480606,23326,0
5.7,13,77.25,4986308,2.6,19867.5910556,0.999999999999,-468.495315688,22057,52.5012301587
5.7,15,80.5,1763220,0.8,2837.6234375,1.0,-349.291382679,12317,43.4444444444
0,39,79.9166666667,0,1.4,13002.6380059,0.999999999999,677.09484017,0,0
5.8,27,75.6666666667,18436190,2.625,32893.9008917,1.0,354.741931919,359072,28.1475
5.8,0,68.6666666667,1108303,1.0,10199.0083375,1.0,577.333427077,254603,52.3961904762
0,1,79.0,0,0.0,1130.0,0.0,252.247528654,0,0
5.7,3,83.3333333333,141904,1.0,16087.211125,1.0,1301.31179498,35913,27.9088888889
6.3,65,78.875,492138,3.5,9873.37213333,0.999999999999,888.695722533,4816,113.358214286
0,5,64.8571428571,0,1.4,19827.632575,1.0,2345.44559542,0,0
0,16,79.8333333333,0,2.2,5699.01438333,0.0,443.618012241,0,0
0,0,55.0,0,0.6,1036.5375,0.0,-35.3576313615,0,0
5.8,1,69.0,1056610,0.818181818181,16894.333325,1.0,121.646848956,14222,43.64
5.8,6,71.6666666667,12849386,0.875,18604.6882167,1.0,2782.01379322,339240,38.9863888889
0,0,73.0,0,0.2,7940.875,0.0,312.485916598,0,0
5.8,30,76.5,3547369,2.25,17861.2217615,0.0,1341.35201457,20006,0
7.5,21,69.9166666667,5213253,2.625,20689.4718833,0.0,3697.56379344,8410,131.204365079
5.8,0,0,2277,1.875,3893.05455833,0.0,212.00844496,4316,62.9514285714
0,26,83.5,0,0.0,21058.3076923,0.0,20.7272018707,0,0
6.6,0,69.1428571429,11558937,0.875,30617.1714333,1.0,2324.43344208,25391,55.8022222222
5.2,21,71.0,482216,0.5,22492.2810444,1.0,57.6062353983,42825,32.3983333333
7.3,16,76.0833333333,2276009,2.75,183832.958267,1.0,1107.44874592,70578,86.8394444444
7.6,58,83.0,14817539,0.0,53760.75,1.0,315.323938948,240510,16.2319444444
0,0,0,0,0.0,836.583333333,0.0,-33.7503536046,0,0
0,27,77.875,0,2.4,14564.4229636,1.0,1527.14678481,0,0
6.5,27,74.6666666667,2398990,3.0,26943.8902308,1.0,3431.86071494,15832,99.2078174603
0,5,83.5,0,0.4,6315.23636,0.0,-4.77149910399,0,0
6.2,3,72.0,12129,0.375,2235.20371111,0.999999999999,646.263510611,16132,56.5067460317
7.7,3,63.0,74,0.875,8691.371825,0.0,-3.1743043912,36447,29.0986111111
0,3,67.5,0,0.6,23820.44445,0.0,232.775962972,0,0
0,6,69.1666666667,0,4.5,17621.0052125,1.0,582.606769023,0,0
8.6,0,0,0,0.0,17040.0,1.0,42.3231462913,0,0
6.4,0,0,4528555,0,0,0,3388.29414841,32116,62.5061111111
7.0,156,82.3157894737,2588836,1.875,14229.1913727,1.0,3316.77406679,49790,122.553571429
0,0,77.3333333333,0,0.4,7602.2548,0.0,12.5866276874,0,0
5.6,33,75.5555555556,24766864,3.0,18492.56809,1.0,838.311015951,96066,55.2617857143
0,0,67.0,0,0.0,638.25,0.0,15.4809831859,0,0
6.7,68,77.5,3074667,1.36363636364,10267.7719917,1.0,1308.18976776,10567,89.5174603175
0,39,75.5882352941,0,2.27272727273,36725.2192722,1.0,2556.40654525,0,0
0,11,78.6,0,1.6,30329.7892,0.0,956.4366038,0,0
0,58,77.0,0,0.5,48622.35,1.0,2349.44324463,0,0
6.5,31,76.2727272727,585387,2.2,9761.84411538,0.999999999999,1318.19047205,4984,78.6861904762
5.4,19,73.1666666667,2095778,1.6,17124.4351143,1.0,2739.9334696,149980,46.2109126984
0,4,84.6666666667,0,0.6,2942.57142857,0.0,-161.514239008,0,0
5.3,8,80.0,2827976,1.0,27870.8889,1.0,-220.538462076,83058,23.8633333333
0,0,77.0,0,1.4,3983.521525,0.0,60.5682514837,0,0
7.2,47,76.5,5908578,1.125,25914.07754,1.0,1716.61311644,47254,52.2236111111
0,88,79.2,0,2.2,16158.04891,1.0,1865.35361847,0,0
6.2,19,77.0,17433153,1.4,17979.2927,1.0,360.928363199,42149,34.6057142857
0,16,71.6,0,1.2,10618.5508667,0.0,-299.187981674,0,0
7.1,0,75.0,73604,0.2,14057.22225,0.0,518.486413474,20909,21.42
7.1,58,76.0526315789,4766094,7.6,13980.0793346,1.0,3382.74091186,30154,57.2958333333
0,14,79.125,0,2.2,33062.154,0.0,7849.3243846,0,0
0,42,76.5,0,1.875,25408.7129667,1.0,792.864421518,0,0
0,21,77.5,0,1.25,17596.1986167,0.0,2977.09914305,0,0
0,4,78.0,0,2.125,24386.8520667,1.0,5039.53559968,0,0
5.7,8,67.7692307692,5230525,2.8,21138.1004632,1.0,947.006546523,13731,126.501746032
7.1,18,78.2857142857,173405,0.8,8652.78745833,1.0,542.932167056,96039,67.8633333333
5.6,5,71.0,492958,0.8,8436.56666667,1.0,1572.3959681,13742,29.5589285714
5.9,36,77.2857142857,179958,2.6,14924.68888,1.0,-273.523603605,25062,28.5592857143
4.9,1,73.8333333333,9038077,0.666666666668,21182.1146286,0.999999999999,-346.916157017,41822,60.9861111111
0,0,72.5,0,0.8,10015.43055,0.0,-0.466834290654,0,0
6.7,7,79.7272727273,399775,1.18181818182,19266.4682462,0.999999999999,5638.63957022,18931,92.7074603175
6.0,104,81.8571428571,5736693,2.0,24523.0037875,1.0,1754.49800151,52473,58.0244444444
6.6,27,71.8,11570301,2.0,61812.2931765,1.0,3389.56412732,41207,84.4282936508
0,1,75.5,0,0.8,17005.560725,0.0,-54.4943712037,0,0
7.3,0,88.0,46910,0.2,2865.83335,0.0,38.2293106432,13012,34.9930555556
0,23,76.8666666667,0,2.625,8582.98846667,0.0,375.51104809,0,0
5.8,22,74.1666666667,332699,1.2,24518.5315,1.0,2123.89057862,105109,47.1925
6.0,19,73.3333333333,8549442,0.6,23595.9481167,1.0,304.77055974,406924,41.9075
0,15,76.1428571429,0,2.6,10017.3791643,1.0,1646.75883519,0,0
0,87,77.6666666667,0,4.8,28298.5315,1.0,1083.66874731,0,0
5.5,6,76.2727272727,13347019,1.6,16834.7182583,1.0,841.254607919,29892,63.6286111111
0,10,53.8571428571,0,1.375,11535.2895571,0.0,-225.884229667,0,0
5.6,0,46.0,155,0.363636363636,9612.0625,1.0,184.939103492,843938,39.9222222222
0,4,67.625,0,1.0,88059.1758231,1.0,1684.63990018,0,0
0,2,67.5,0,0.375,35260.645825,1.0,74.9757729551,0,0
0,11,71.1578947368,0,2.75,36264.7555,1.0,1491.07473398,0,0
5.2,1,67.6666666667,10643864,3.8,25483.5446417,1.0,74.608692005,43400,60.498968254
0,5,67.7142857143,0,5.4,10872.8557421,1.0,-214.559738955,0,0
6.8,78,77.3529411765,1066737,4.75,23437.0136263,1.0,999.510728989,19279,86.5427777778
0,21,77.1111111111,0,1.625,10835.8756667,0.0,436.016625648,0,0
0,4,67.0,0,1.6,93629.88639,0.999999999999,928.524705871,0,0
0,59,77.0,0,0.4,48699.63,1.0,2508.1842477,0,0
6.0,6,68.2,2032287,0.833333333335,14227.7546,0.999999999999,13.0376551659,22129,68.2323412698
0,35,79.7,0,2.375,13033.3598923,0.0,-73.4090066185,0,0
0,21,77.5555555556,0,1.75,9916.01256,1.0,172.288238198,0,0
0,0,70.0,0,0.5,17036.3,0.0,6.96094858458,0,0
0.0,0,0,822,0.0,1570.0,0.0,49.6956649359,29272,0
0,28,81.625,0,1.75,12077.0501,0.0,-18.2346531132,0,0
0,5,71.9,0,2.75,6082.341904,0.0,461.216291094,0,0
0,2,73.0,0,1.5,8003.6788,0.0,2380.68603766,0,0
0,0,74.3333333333,0,0.0,2188.5,0.0,-31.5049526295,0,0
5.2,1,69.8333333333,2266816,1.0,8786.99495455,0.999999999999,2619.98632305,38917,56.7833333333
0,0,79.5,0,0.2,1322.875,0.0,-29.6016505459,0,0
0,3,64.8,0,1.4,94765.0720571,0.0,1355.90679077,0,0
0.0,0,0,3209,2.4,5140.2366,0.0,127.945407164,3870,44.5577777778
0,3,68.5,0,1.0,1705.75,0.0,109.773349314,0,0
0,2,74.25,0,1.375,8344.94445,0.0,-668.53123131,0,0
0,8,74.2857142857,0,1.6,15886.240175,1.0,114.589755642,0,0
0,3,67.0,0,0.5,3370.89393636,0.0,325.040764041,0,0
0,0,81.0,0,0.0,13967.0,0.0,2.89737655145,0,0
0,0,78.5,0,0.5,40437.1111,0.0,11.4246325652,0,0
0,11,82.25,0,0.875,6165.99748333,1.0,2683.36156447,0,0
0,7,73.4,0,1.6,16465.1645875,0.0,22.7777446805,0,0
0,32,72.8181818182,0,1.72727272727,19682.309,1.0,3299.44996706,0,0
0,34,71.8,0,5.0,29063.4309182,0.999999999999,1359.51402706,0,0
0,16,86.0,0,0.4,12780.970825,1.0,161.493858649,0,0
0,4,74.0,0,0.375,9403.77273,0.999999999999,863.611013477,0,0
0,12,72.2222222222,0,2.2,20202.66013,0.0,124.650227448,0,0
0,5,84.0,0,0.5,10252.6,0.0,10.2390850917,0,0
